SVM3
0
0.7744441804037958
0.7853386190123671
0.7962330576209384

SVM3
1
0.7857389849571188
0.7999866799821287
0.8142343750071386

SVM3
2
0.8021617042484714
0.812751822664579
0.8233419410806866

SVM3
3
0.8138998805589635
0.8259091942166713
0.8379185078743792

SVM3
4
0.7947274071632369
0.8105374393021103
0.8263474714409837

SVM4
0
0.6292362498844809
0.6404221350873159
0.651608020290151

SVM4
1
0.651391804694323
0.6632662896254796
0.6751407745566362

SVM4
2
0.6596923882241915
0.6733010874839418
0.6869097867436921

SVM4
3
0.6554132003042197
0.6745977380953756
0.6937822758865315

SVM4
4
0.6255410882496409
0.6490543543745968
0.6725676204995527

NN3-B
0
0.45850825770543835
0.4801603884372572
0.5018125191690761

NN3-B
1
0.4655791828080608
0.49559074534750946
0.525602307886958

NN3-B
2
0.5071909050235229
0.5289444388222545
0.5506979726209861

NN3-B
3
0.5490996929173315
0.5713075508238306
0.5935154087303296

NN3-B
4
0.6278876886115983
0.6543056215618018
0.6807235545120054

NN3-B-P
0
0.43321716109560954
0.4554426402093811
0.4776681193231526

NN3-B-P
1
0.42654601591057667
0.4553527768014781
0.48415953769237957

NN3-B-P
2
0.4466247315964378
0.46808361670774135
0.4895425018190449

NN3-B-P
3
0.37220011763806105
0.38806296778831445
0.40392581793856785

NN3-B-P
4
0.49040368940397433
0.5089038094332301
0.5274039294624858

NN3-UB
0
0.46437692452294166
0.480650807246594
0.4969246899702463

NN3-UB
1
0.4642982328309649
0.4919112766603014
0.5195243204896379

NN3-UB
2
0.49584600893969777
0.5170069592521973
0.5381679095646968

NN3-UB
3
0.5828485860994815
0.6034306928850567
0.6240127996706318

NN3-UB
4
0.5842469139119352
0.6099709036483723
0.6356948933848093

NN3-UB-P
0
0.4388215171161374
0.4563156157831014
0.4738097144500654

NN3-UB-P
1
0.42554186387505333
0.4524493658157035
0.47935686775635367

NN3-UB-P
2
0.43351854730023454
0.45438318037813663
0.4752478134560387

NN3-UB-P
3
0.3981425822069246
0.411796247148561
0.4254499120901974

NN3-UB-P
4
0.4709307072537847
0.4891634594731848
0.5073962116925849

NN4-UB
0
0.3579590380287953
0.37371085113312225
0.3894626642374492

NN4-UB
1
0.38106502376862034
0.3936896010487449
0.40631417832886946

NN4-UB
2
0.3935614147638566
0.4114241404202855
0.42928686607671446

NN4-UB
3
0.48152984899995993
0.4973212787733473
0.5131127085467346

NN4-UB
4
0.5026923655586287
0.5239687630296933
0.5452451605007579

