0.8305489260143198
['b8:d9:4d:67:05:76', 'f0:87:56:19:1a:12', 'f0:87:56:19:1a:11', '50:e0:39:70:e3:b1', '30:93:bc:b0:01:1c', '50:e0:39:70:e3:b2', '30:93:bc:b0:01:1d', '52:e0:39:70:e3:b2', 'd8:d7:75:ed:03:9a', 'e2:24:c8:36:d8:5d', 'd8:d7:75:ed:03:9b', 'd0:b1:28:bf:ca:07', 'f2:87:56:99:1a:11', '88:41:fc:c6:40:72', '88:41:fc:c6:40:2a', 'a4:08:f5:1f:09:3b', 'e2:24:c8:36:d8:65', 'e2:24:c8:36:d8:61', 'ac:3b:77:a3:46:0e', 'b8:d9:4d:67:05:77', '28:9e:fc:08:d3:9a', 'f4:17:b8:69:b4:5a', '98:1e:19:bd:2d:36', '6c:ba:b8:ee:06:d3', '58:90:43:54:6f:ba', '88:41:fc:c6:40:2b', '88:41:fc:c6:40:73', '3c:7c:3f:e6:1f:e8', '98:42:65:5c:d9:b6', 'f4:6b:ef:d6:86:14', 'b0:bb:e5:ff:d0:a6', 'f4:17:b8:69:b4:5b', '88:57:1d:ed:ab:ed', '00:1e:80:78:f3:f8', '24:7f:20:01:20:57', '30:93:bc:af:88:e9', 'd8:d7:75:eb:d5:e4', '00:1d:73:8e:ec:4a', '4c:19:5d:cd:58:ff', '24:7f:20:01:20:56', '00:cb:51:f0:56:43', '00:cb:51:61:ed:d0', '00:1e:80:78:f3:fc', '44:e9:dd:92:3a:e6', '30:93:bc:af:88:e8', 'b8:ee:0e:46:62:33', '00:cb:51:62:a8:92', '44:e9:dd:92:3a:ea', '3c:52:82:fc:1d:cf', 'dc:8d:8a:b2:b8:6e', '6a:8d:8a:b2:b8:69', '44:d4:54:6d:ef:19', 'a4:08:f5:1f:09:3c', '08:3e:5d:48:fd:86', 'f4:6b:ef:d7:3f:47', '00:1e:80:a4:0e:04', 'fa:8f:ca:8e:04:53', '18:28:61:a6:b4:ed', 'd0:6d:c9:d2:a7:f6', '62:8d:8a:b2:b8:6d', '34:49:5b:89:06:a1', '38:a0:67:da:41:7a', '6a:a0:67:da:41:7d', '6c:ba:b8:ee:06:d4', 'b8:d9:4d:64:54:d3', '44:ad:b1:2c:70:7c']

[-84. -73. -68. -73. -65. -90. -83. -91. -75. -81. -82.   0. -72.   0.
   0.   0. -86. -88.   0. -91.   0.   0.   0.   0.   0.   0.   0. -86.
   0.   0.   0.   0.   0.   0.   0.   0.   0. -88.   0.   0.   0.   0.
   0.   0.   0.   0.   0.   0.   0.   0.   0.   0.   0.   0.   0.   0.
   0.   0.   0.   0.   0.   0.   0.   0.   0.   0.] [  0. -58. -56. -71. -68. -91. -86. -90. -86.   0. -76.   0. -57. -85.
   0. -86. -93. -92.   0. -92.   0.   0.   0.   0.   0.   0.   0.   0.
   0.   0.   0.   0.   0.   0.   0.   0.   0.   0.   0.   0.   0.   0.
   0.   0.   0.   0.   0.   0.   0.   0.   0.   0.   0.   0.   0.   0.
   0.   0.   0.   0.   0.   0.   0.   0.   0.   0.] [  0. -71. -66.   0. -70. -91.   0. -90. -69.   0. -79.   0. -71.   0.
   0. -84. -87. -89.   0.   0.   0.   0.   0. -85.   0.   0.   0.   0.
   0.   0.   0.   0.   0.   0.   0.   0.   0.   0.   0.   0.   0.   0.
   0.   0.   0.   0.   0.   0.   0.   0.   0.   0.   0. -85.   0.   0.
   0.   0.   0.   0.   0.   0.   0.   0.   0.   0.] [-80. -45. -46. -61. -42. -78. -56. -80.   0. -89.   0.   0. -44. -79.
 -83.   0.   0.   0.   0. -88. -89.   0.   0.   0.   0. -87. -87.   0.
   0.   0.   0.   0.   0.   0.   0.   0.   0.   0.   0.   0.   0.   0.
   0.   0.   0.   0.   0.   0.   0.   0.   0.   0.   0.   0.   0.   0.
   0.   0.   0.   0.   0.   0.   0.   0.   0.   0.] [-82. -58. -47. -66. -58. -78. -72. -78. -83.   0. -79.   0. -57.   0.
   0.   0. -88. -87.   0. -94. -89. -88.   0.   0.   0.   0.   0.   0.
   0.   0.   0.   0. -85.   0.   0.   0.   0.   0.   0.   0.   0.   0.
   0.   0.   0.   0.   0.   0.   0.   0.   0.   0.   0.   0.   0.   0.
   0.   0.   0.   0.   0.   0.   0.   0.   0.   0.] [-83. -62. -52. -64. -58. -80. -58. -80.   0. -89.   0. -34.   0.   0.
 -86.   0.   0.   0.   0. -88.   0.   0.   0.   0.   0.   0.   0.   0.
   0.   0.   0.   0.   0.   0.   0.   0.   0.   0.   0.   0.   0.   0.
   0.   0.   0.   0.   0.   0.   0.   0.   0.   0.   0.   0.   0.   0.
   0.   0.   0.   0.   0.   0.   0.   0.   0.   0.] [  0. -70. -61. -77. -72. -91. -86. -93. -69.   0. -76.   0. -71.   0.
   0. -78. -88. -88. -86.   0.   0.   0.   0.   0.   0.   0.   0.   0.
   0.   0. -83.   0.   0.   0.   0. -91.   0.   0.   0.   0.   0.   0.
   0. -79.   0. -72.   0.   0.   0.   0.   0.   0.   0.   0.   0.   0.
   0.   0.   0.   0.   0.   0.   0.   0.   0.   0.] [-83. -70. -60. -75. -65. -92. -83. -92. -79. -80. -82.   0. -71. -87.
   0. -85. -92. -90.   0. -86. -87.   0.   0. -86.   0.   0.   0. -86.
   0.   0. -85.   0.   0.   0.   0.   0.   0.   0.   0. -87.   0.   0.
   0. -85.   0.   0.   0.   0.   0.   0.   0.   0.   0.   0.   0.   0.
   0.   0.   0.   0.   0.   0.   0.   0.   0.   0.] [-77. -46. -54. -56. -49. -81. -66. -80. -79. -83. -90.   0. -46.   0.
 -86.   0.   0.   0.   0. -93. -89.   0.   0.   0. -89.   0.   0.   0.
   0.   0.   0.   0. -80.   0.   0.   0.   0.   0.   0.   0.   0.   0.
   0.   0.   0.   0.   0.   0.   0.   0.   0.   0.   0.   0.   0.   0.
   0. -87.   0.   0.   0.   0.   0.   0.   0.   0.] [-83. -71. -62. -72. -63. -90. -84. -89. -75. -86. -83.   0. -69.   0.
   0.   0. -91. -91.   0. -90. -89.   0.   0.   0.   0.   0.   0. -90.
   0.   0. -86.   0.   0.   0.   0. -93.   0. -89.   0.   0.   0.   0.
   0.   0.   0.   0.   0.   0.   0.   0.   0.   0.   0.   0.   0.   0.
   0.   0.   0.   0.   0.   0.   0.   0.   0.   0.] [-83. -47. -41. -57. -67. -74. -70. -74. -85. -86. -86. -69.   0.   0.
   0.   0.   0.   0.   0. -92. -88.   0.   0.   0. -87.   0.   0.   0.
   0.   0.   0.   0.   0.   0.   0.   0.   0.   0.   0.   0.   0.   0.
   0.   0.   0.   0.   0.   0.   0.   0.   0.   0.   0.   0.   0.   0.
   0.   0.   0.   0.   0.   0.   0.   0.   0.   0.] [-85. -58. -49.   0. -69. -81. -78. -80. -84. -88. -85. -64.   0. -85.
   0.   0.   0.   0.   0.   0.   0.   0.   0.   0.   0.   0.   0.   0.
   0.   0.   0.   0.   0.   0.   0.   0.   0.   0.   0.   0.   0.   0.
   0.   0.   0.   0.   0.   0.   0.   0.   0.   0.   0.   0.   0.   0.
   0.   0.   0.   0.   0.   0.   0.   0.   0.   0.] [  0. -73. -61. -76. -74. -89. -86. -91. -70. -78. -76.   0. -73.   0.
   0. -81. -88. -87. -86.   0.   0. -87.   0. -88.   0.   0.   0.   0.
   0.   0.   0.   0.   0.   0.   0.   0. -89.   0.   0.   0.   0.   0.
   0. -82.   0. -87.   0.   0.   0.   0.   0.   0.   0.   0.   0.   0.
   0.   0.   0.   0.   0.   0.   0.   0.   0.   0.] [  0. -73. -59. -69. -67. -91. -71. -91. -83. -88. -91. -57.   0.   0.
   0.   0.   0.   0.   0.   0.   0.   0.   0.   0.   0.   0.   0.   0.
   0.   0.   0.   0.   0.   0.   0.   0.   0.   0.   0.   0.   0.   0.
   0.   0.   0.   0.   0.   0.   0.   0.   0.   0.   0.   0.   0.   0.
   0.   0.   0.   0.   0.   0.   0.   0.   0.   0.] [  0. -51. -47. -70. -65. -82. -72. -83.   0.   0. -93.   0. -50.   0.
   0.   0.   0.   0.   0.   0.   0.   0.   0.   0.   0.   0.   0.   0.
   0.   0.   0.   0.   0.   0.   0.   0.   0.   0.   0.   0.   0.   0.
   0.   0.   0.   0.   0.   0.   0.   0.   0.   0.   0.   0.   0.   0.
   0.   0.   0.   0.   0.   0.   0.   0.   0.   0.] [-86. -53. -58. -65. -65. -78. -72. -78. -85. -89.   0.   0. -52.   0.
   0.   0.   0.   0.   0.   0.   0.   0.   0.   0.   0.   0.   0.   0.
   0.   0.   0.   0.   0.   0.   0.   0.   0.   0.   0.   0.   0.   0.
   0.   0.   0.   0.   0.   0.   0.   0.   0.   0.   0.   0.   0.   0.
   0.   0.   0.   0.   0.   0.   0.   0.   0.   0.] [-83. -73. -72.   0. -64. -94. -81. -92. -73. -73. -80.   0. -74.   0.
   0.   0. -87. -86. -88. -90. -89.   0.   0. -87.   0.   0.   0. -83.
   0.   0. -82.   0.   0.   0.   0. -92.   0. -87.   0. -89.   0.   0.
   0.   0.   0.   0.   0.   0.   0.   0.   0.   0. -93.   0.   0.   0.
   0.   0.   0.   0.   0.   0.   0.   0.   0.   0.] [  0. -67. -60. -74. -73. -89. -79. -86. -87. -88. -86. -47.   0.   0.
   0.   0.   0.   0.   0.   0.   0.   0.   0.   0.   0.   0.   0.   0.
   0.   0.   0.   0.   0.   0.   0.   0.   0.   0.   0.   0.   0.   0.
   0.   0.   0.   0.   0.   0.   0.   0.   0.   0.   0.   0.   0.   0.
   0.   0.   0.   0.   0.   0.   0.   0.   0.   0.] [-83. -74. -58. -72. -70. -92. -79. -92. -81. -84. -84.   0. -74.   0.
   0. -85.   0.   0.   0. -92. -88.   0.   0.   0.   0.   0.   0.   0.
   0.   0.   0.   0.   0.   0.   0.   0.   0.   0.   0.   0.   0.   0.
   0.   0.   0.   0.   0.   0.   0.   0. -93.   0.   0.   0.   0.   0.
   0.   0.   0.   0.   0.   0.   0.   0.   0.   0.] [-78. -65. -55. -65. -69. -89. -80. -90. -77. -78. -84.   0. -64. -79.
   0. -82.   0.   0. -80. -92.   0.   0.   0.   0.   0.   0.   0.   0.
   0.   0.   0. -93.   0.   0.   0.   0. -80.   0.   0.   0.   0.   0.
   0.   0.   0.   0.   0.   0.   0. -94.   0.   0.   0.   0.   0.   0.
   0.   0.   0.   0.   0.   0.   0.   0.   0.   0.] [  0. -73. -59. -68. -67. -90. -70. -92. -82. -87. -89. -57.   0.   0.
   0.   0.   0.   0.   0.   0.   0.   0.   0.   0.   0.   0.   0.   0.
   0.   0.   0.   0.   0.   0.   0.   0.   0.   0.   0.   0.   0.   0.
   0.   0.   0.   0.   0.   0.   0.   0.   0.   0.   0.   0.   0.   0.
   0.   0.   0.   0.   0.   0.   0.   0.   0.   0.] [-85. -68. -60. -71. -66. -89. -77. -87. -71.   0. -83.   0. -67.   0.
   0.   0. -89. -91.   0. -91.   0.   0.   0.   0.   0.   0.   0.   0.
   0.   0.   0.   0.   0.   0.   0.   0.   0.   0.   0.   0.   0.   0.
   0.   0.   0.   0.   0.   0.   0.   0.   0.   0.   0.   0.   0.   0.
   0.   0.   0.   0.   0.   0.   0.   0.   0.   0.] [-84. -67. -60. -71. -65. -89. -78. -89. -71.   0. -85.   0. -67.   0.
   0.   0. -90. -90.   0. -91. -88.   0.   0.   0.   0.   0.   0.   0.
   0.   0. -87.   0. -88.   0.   0.   0.   0.   0.   0.   0.   0.   0.
   0.   0.   0.   0.   0.   0.   0.   0.   0.   0.   0.   0.   0.   0.
   0.   0.   0.   0.   0.   0.   0.   0.   0.   0.] [  0. -52. -58. -63. -65. -78. -74. -78. -89.   0. -92.   0. -51.   0.
   0.   0.   0.   0.   0.   0.   0.   0.   0.   0.   0.   0.   0.   0.
   0.   0.   0.   0.   0.   0.   0.   0.   0.   0.   0.   0.   0.   0.
   0.   0.   0.   0.   0.   0.   0.   0.   0.   0.   0.   0.   0.   0.
   0.   0.   0.   0.   0.   0.   0.   0.   0.   0.] [-87. -44. -48. -63. -68. -82. -77. -80. -79.   0. -92. -55.   0.   0.
 -88.   0.   0.   0.   0. -94. -89.   0.   0.   0.   0.   0.   0.   0.
   0.   0.   0.   0.   0.   0.   0.   0.   0.   0.   0.   0.   0.   0.
   0.   0.   0.   0.   0.   0.   0.   0.   0.   0.   0.   0.   0.   0.
   0.   0.   0.   0.   0.   0.   0.   0.   0.   0.] [  0. -60. -48. -62. -65. -78. -73. -77. -87. -91.   0.   0. -60.   0.
   0.   0.   0.   0.   0.   0. -88.   0.   0.   0.   0.   0.   0.   0.
   0.   0.   0.   0.   0.   0.   0.   0.   0.   0.   0.   0.   0.   0.
   0.   0.   0.   0.   0.   0.   0.   0.   0.   0.   0.   0.   0.   0.
   0.   0.   0.   0.   0.   0.   0.   0.   0.   0.] [-86. -47. -53. -69. -70. -86. -82. -85. -85. -91.   0.   0. -47.   0.
   0.   0.   0.   0.   0. -95. -88.   0.   0.   0.   0.   0.   0.   0.
   0.   0.   0.   0.   0.   0.   0.   0.   0.   0.   0.   0.   0.   0.
   0.   0.   0.   0.   0.   0.   0.   0.   0.   0.   0.   0.   0.   0.
   0.   0.   0.   0.   0.   0.   0.   0.   0.   0.] [  0. -60. -49. -61. -64. -77. -72. -77. -87. -90.   0.   0. -60.   0.
   0.   0.   0.   0.   0.   0.   0.   0.   0.   0.   0.   0.   0.   0.
   0.   0.   0.   0.   0.   0.   0.   0.   0.   0.   0.   0.   0.   0.
   0.   0.   0.   0.   0.   0.   0.   0.   0.   0.   0.   0.   0.   0.
   0.   0.   0.   0.   0.   0.   0.   0.   0.   0.] [  0. -57. -56. -71. -69. -91. -86. -90. -84.   0. -76.   0. -58. -85.
   0. -88. -91. -91.   0. -92.   0.   0.   0.   0.   0.   0.   0.   0.
   0.   0. -89.   0.   0.   0.   0.   0.   0.   0.   0.   0.   0.   0.
   0.   0.   0.   0.   0.   0.   0.   0.   0.   0.   0.   0.   0.   0.
   0.   0.   0.   0.   0.   0.   0.   0.   0.   0.] [-82. -72. -68. -74. -63. -90. -85. -90. -75. -81. -82.   0. -72.   0.
   0. -90. -87. -87.   0. -90.   0. -85.   0.   0. -86.   0.   0. -86.
 -89.   0. -84.   0.   0.   0.   0.   0. -86. -89.   0.   0. -89.   0.
   0.   0.   0.   0.   0.   0.   0.   0.   0.   0.   0.   0.   0.   0.
   0.   0.   0.   0.   0.   0.   0.   0.   0.   0.] [  0. -69. -60. -76. -72. -92. -86.   0. -69. -84. -77.   0. -69.   0.
   0. -79. -87. -89. -85.   0.   0.   0.   0.   0.   0.   0.   0.   0.
   0.   0. -82.   0.   0.   0.   0. -90.   0.   0.   0.   0.   0.   0.
   0. -79.   0.   0.   0. -94.   0.   0.   0.   0.   0.   0.   0.   0.
   0.   0.   0.   0.   0.   0.   0.   0.   0.   0.] [-84. -45. -50. -62. -47. -79. -55. -79.   0.   0. -90.   0. -49. -80.
 -83.   0.   0.   0.   0. -85. -89.   0.   0.   0.   0. -92. -91.   0.
   0.   0.   0.   0.   0.   0.   0.   0.   0.   0.   0.   0.   0.   0.
   0.   0.   0.   0.   0.   0.   0.   0.   0.   0.   0.   0.   0.   0.
   0.   0.   0.   0.   0.   0.   0.   0.   0.   0.] 

0.0 2.0 0.0 1.0 1.0 1.0 0.0 0.0 1.0 0.0 1.0 2.0 0.0 2.0 1.0 1.0 0.0 2.0 0.0 0.0 2.0 0.0 0.0 1.0 1.0 1.0 2.0 1.0 2.0 0.0 0.0 1.0 
