****************** SVM3 ******************

[[0.891674127126231, 0.9173478655767484, 0.9105403011514615, 0.9168173598553345, 0.8959074733096085, 0.9306306306306307, 0.8948763250883393, 0.7785039941902687, 0.7648725212464589, 0.5733911785972523, 0.6893342877594846, 0.7117563739376771, 0.5357917570498916, 0.6435218324982105, 0.7160493827160493, 0.4497469269703543, 0.6972083035075161, 0.7429193899782135, 0.7542492917847026, 0.5736654804270462, 0.5504322766570605, 0.669964664310954, 0.49110320284697506, 0.4819884726224784, 0.7554770318021201, 0.46548042704626336, 0.4430835734870317, 0.6855123674911661, 0.8306049822064057, 0.8487031700288185, 0.8063604240282686, 0.8422190201729106, 0.846643109540636, 0.8313167259786477, 0.8035335689045936, 0.595729537366548, 0.6368876080691642, 0.658554044380816, 0.7211328976034859, 0.7861189801699717, 0.8423716558206796, 0.6800286327845383, 0.7305737109658679, 0.6572237960339944, 0.777295733911786, 0.6385110952040086, 0.7327523602033406, 0.8222379603399433, 0.6681127982646421], [0.8838709677419355, 0.8976034858387799, 0.8723404255319149, 0.9002169197396963, 0.8760683760683761, 0.9090909090909091, 0.8556263269639066, 0.7812160694896851, 0.7991475759190197, 0.5043290043290043, 0.7650862068965517, 0.7006948156066275, 0.6156351791530945, 0.7080878414568827, 0.7753113156469952, 0.7101996762007555, 0.7045209903121636, 0.7393906420021763, 0.7560064068339563, 0.49572192513368984, 0.49595250944414465, 0.7925531914893617, 0.6003218884120172, 0.584731997834326, 0.7337246531483458, 0.7157333333333333, 0.6851453175457481, 0.7925729442970822, 0.8338692390139335, 0.8642509464575446, 0.8278251599147122, 0.8119612068965517, 0.8204992033988316, 0.7964649169791109, 0.7858284496537027, 0.7505330490405118, 0.7175901022054868, 0.682573726541555, 0.7631436314363144, 0.7702127659574468, 0.8352242031334414, 0.7009144701452393, 0.7259380097879282, 0.6691568836712913, 0.7913279132791328, 0.7007494646680942, 0.808982683982684, 0.8157195963887414, 0.7475728155339806], [0.7841031149301826, 0.7930283224400871, 0.8012752391073327, 0.8286334056399133, 0.8258547008547008, 0.8151351351351351, 0.8038176033934252, 0.7543327556325823, 0.7422108408023901, 0.6611927398444253, 0.7079913606911447, 0.7171673819742489, 0.738374619730552, 0.6924721984602225, 0.7471958584987057, 0.6462994836488812, 0.759379042690815, 0.8125271857329274, 0.7382176520994002, 0.6254280821917808, 0.6369124622682191, 0.7612958226768969, 0.7361170899698666, 0.7515177797051171, 0.768109729961423, 0.6436487638533674, 0.5963933018462859, 0.7606112054329371, 0.8066179630425441, 0.8017316017316017, 0.8044501497646556, 0.7616179001721171, 0.8000850701829009, 0.7583690987124464, 0.7115384615384616, 0.7448892674616695, 0.7919347919347919, 0.6502357479639949, 0.6964980544747081, 0.7444633730834753, 0.7826649417852523, 0.6119724375538329, 0.6190269331016507, 0.6529738981600343, 0.7092720970537262, 0.6222222222222222, 0.7202586206896552, 0.7078556263269639, 0.7712811693895099], [0.7191528545119705, 0.8085901027077498, 0.7641165755919854, 0.8539534883720931, 0.7728937728937729, 0.794253938832252, 0.79, 0.7137637028014616, 0.6076861489191353, 0.5864722559740786, 0.7143435980551054, 0.7011679420056384, 0.732681336593317, 0.6208416833667335, 0.7159595959595959, 0.5264006449012495, 0.7398867313915858, 0.8046492659053833, 0.7872939284278246, 0.5877157767964672, 0.5844785772029103, 0.6845261895241903, 0.725767366720517, 0.752745018300122, 0.7586484312148029, 0.5345585297642829, 0.5249396621078037, 0.6549940310385993, 0.8048387096774193, 0.8006496142915144, 0.8140562248995984, 0.6991935483870968, 0.7235739928201037, 0.7411433172302737, 0.7666399358460305, 0.5944111776447106, 0.6438906752411575, 0.6187223784652471, 0.6492507087889834, 0.6833067092651757, 0.68, 0.625605815831987, 0.7345276872964169, 0.6900843034925732, 0.7359870024370431, 0.6631958350020024, 0.776746063786839, 0.6584394904458599, 0.6641159887233186], [0.6599516518936341, 0.7769607843137255, 0.6430278884462152, 0.8144833197721725, 0.7836538461538461, 0.7493917274939172, 0.781225139220366, 0.7173414820473644, 0.6370147003392386, 0.5727896341463414, 0.7058374666157955, 0.7166160849772383, 0.7821250479478328, 0.4939668174962293, 0.5619300911854104, 0.5898407884761183, 0.710967250571211, 0.7762854950115119, 0.7663763725861417, 0.5479969765684052, 0.5374667173830354, 0.6468373493975904, 0.694180296690757, 0.7492343032159265, 0.7768093974990526, 0.5533834586466165, 0.602345819144911, 0.5970037453183521, 0.7870159453302962, 0.7657623232709209, 0.7734493192133132, 0.7647951441578149, 0.7536612842658655, 0.6827141774071266, 0.698262839879154, 0.7246431254695718, 0.7319470699432892, 0.6937618147448015, 0.7493333333333333, 0.7078947368421052, 0.7396427213987077, 0.6547528517110266, 0.6528735632183909, 0.6831758034026465, 0.6674311926605505, 0.6552373775433308, 0.7479119210326499, 0.7212439115773698, 0.6829545454545455]]

Mean:  0.7201787475845837
Margin of error:  0.038487310336831705
Lower bound:  0.6816914372477519
Upper bound:  0.7586660579214154
Mean:  0.7524742721131983
Margin of error:  0.028814482588623607
Lower bound:  0.7236597895245747
Upper bound:  0.7812887547018219
Mean:  0.7330449450114118
Margin of error:  0.018535485616255388
Lower bound:  0.7145094593951564
Upper bound:  0.7515804306276672
Mean:  0.7006298026419179
Margin of error:  0.023433784411377095
Lower bound:  0.6771960182305408
Upper bound:  0.724063587053295
Mean:  0.6935409929472605
Margin of error:  0.022470203121195874
Lower bound:  0.6710707898260646
Upper bound:  0.7160111960684563
****************** SVM4 ******************

[[0.8197050938337802, 0.8257065948855989, 0.7863304578633046, 0.8772757923128793, 0.7486631016042781, 0.8668896321070234, 0.8617234468937875, 0.577502691065662, 0.5737791932059448, 0.42718446601941745, 0.5439442658092176, 0.5605095541401274, 0.6089536138079827, 0.587352625937835, 0.6151776103336921, 0.33171521035598706, 0.4480171489817792, 0.5522066738428417, 0.6772823779193206, 0.47058823529411764, 0.41198501872659177, 0.4465811965811966, 0.5475935828877005, 0.530765115034778, 0.5977564102564102, 0.3315508021390374, 0.299625468164794, 0.6794871794871795, 0.5839572192513369, 0.6832530765115035, 0.7286324786324786, 0.7324772605671482, 0.6228632478632479, 0.6893048128342246, 0.5705128205128205, 0.4310160427807487, 0.4579989299090423, 0.6114683815648446, 0.709903121636168, 0.6571125265392781, 0.6623516720604099, 0.5793140407288317, 0.6205597416576965, 0.5477707006369427, 0.6720604099244876, 0.6178992497320471, 0.6840688912809473, 0.6581740976645435, 0.4854368932038835], [0.8183279742765274, 0.777059773828756, 0.7691082802547771, 0.8770226537216829, 0.7158908507223114, 0.8298555377207063, 0.8381410256410257, 0.6516129032258065, 0.6252992817238627, 0.6219709208400647, 0.5818913480885312, 0.6428286056731922, 0.4395471087747675, 0.5946271050521251, 0.6536604987932422, 0.4790491539081386, 0.6525764895330113, 0.7104200323101777, 0.6734612310151878, 0.6368378812199037, 0.6053793657165797, 0.5926222935044105, 0.41301727601446364, 0.4312700964630225, 0.6122039341629868, 0.4899919935948759, 0.48378053664397275, 0.6352, 0.6635852090032154, 0.7269802975472457, 0.7313253012048193, 0.7142857142857143, 0.6957915831663327, 0.6642599277978339, 0.5851703406813628, 0.44065757818765033, 0.4404332129963899, 0.5885897950984331, 0.6964933494558646, 0.6577582768248903, 0.6455389584174405, 0.4961832061068702, 0.5796049979846836, 0.5125648185081771, 0.6439241017359709, 0.5883534136546185, 0.6720386784850927, 0.6885964912280702, 0.45359160613397903], [0.7323151125401929, 0.72859450726979, 0.73328025477707, 0.7896440129449838, 0.7199036918138042, 0.7576243980738363, 0.7323717948717948, 0.6315280464216635, 0.6355498721227621, 0.5087153001936734, 0.5724871134020618, 0.5666239590006407, 0.48803363518758086, 0.5326713645099296, 0.5889531149646756, 0.4813504823151125, 0.6112185686653772, 0.6318681318681318, 0.6525641025641026, 0.4881181759794477, 0.504657886283328, 0.6341463414634146, 0.462033462033462, 0.4898616028323141, 0.5919614147909967, 0.47664747280870123, 0.47104, 0.6601662404092071, 0.6509980682549903, 0.6737520128824477, 0.7072072072072072, 0.6998394863563403, 0.6337395766516998, 0.6277278562259306, 0.6693393200769724, 0.4910198845413727, 0.506576836701957, 0.5745501285347043, 0.6372422680412371, 0.6511182108626198, 0.64, 0.5498071979434447, 0.6114690721649485, 0.6271565495207668, 0.6964516129032258, 0.4948619139370585, 0.5463618802318094, 0.5750319284802043, 0.5148291424887169], [0.6884906960716747, 0.6920415224913494, 0.6334470989761092, 0.7753120665742025, 0.6740027510316369, 0.6964900206469373, 0.6675824175824175, 0.6446056210335449, 0.6302848575712144, 0.5116490166414523, 0.5454545454545454, 0.5325923700811054, 0.4637769020915429, 0.5310717502251576, 0.5889256695756846, 0.4633925881289545, 0.562273276904474, 0.6218181818181818, 0.6434155141310884, 0.4968383017163505, 0.488855421686747, 0.5916340656033704, 0.45520361990950226, 0.4550392275196138, 0.5821525474826651, 0.4383808095952024, 0.4349130173965207, 0.5753670961941864, 0.6367753623188406, 0.6638477801268499, 0.6970428485214243, 0.6539271742401445, 0.6118460613349369, 0.6030695154980439, 0.606015037593985, 0.46692723992784124, 0.4818045112781955, 0.5328313253012048, 0.5588768115942029, 0.610245656081486, 0.6061064087061668, 0.5137089484784574, 0.5209906372697071, 0.5277195085406053, 0.576050801330511, 0.5105358217941, 0.5594447797223898, 0.567065868263473, 0.49425981873111785], [0.646562123039807, 0.595396729254997, 0.5161290322580645, 0.6984223300970874, 0.5884476534296029, 0.6718844069837447, 0.6556490384615384, 0.5918657565415245, 0.5784867306606437, 0.5464123006833713, 0.4663065112311629, 0.4738330975954738, 0.4573466476462197, 0.4858757062146893, 0.49943374858437145, 0.46598639455782315, 0.5512236767216847, 0.6517398745008557, 0.6395809739524349, 0.558390022675737, 0.531613269067196, 0.5719546742209631, 0.4654927577392786, 0.45198863636363634, 0.4987226795344877, 0.5118510158013544, 0.4609088343211967, 0.4647490129723632, 0.5963615690733371, 0.6158657947114018, 0.6451704545454545, 0.5638629283489096, 0.5449915110356537, 0.5788728405550836, 0.5907161052929522, 0.5254668930390493, 0.5411831304840079, 0.44529478458049887, 0.4798295454545455, 0.5039481105470953, 0.5463594994311718, 0.5151686986107173, 0.6436487638533674, 0.5334273624823695, 0.5914651493598863, 0.5328611898016997, 0.5550823395797843, 0.5837091319052987, 0.5332575326890279]]

Mean:  0.604326289285406
Margin of error:  0.03971253210303928
Lower bound:  0.5646137571823667
Upper bound:  0.6440388213884453
Mean:  0.6273138981822197
Margin of error:  0.03262815783373936
Lower bound:  0.5946857403484803
Upper bound:  0.6599420560159591
Mean:  0.6051634737574635
Margin of error:  0.025528213541024355
Lower bound:  0.5796352602164392
Upper bound:  0.6306916872984878
Mean:  0.57314495695488
Margin of error:  0.023232986279373837
Lower bound:  0.5499119706755061
Upper bound:  0.5963779432342539
Mean:  0.5502611626631149
Margin of error:  0.018835674085437817
Lower bound:  0.531425488577677
Upper bound:  0.5690968367485527
