****************** SVM3 ******************

[[0.6599516518936341, 0.7769607843137255, 0.6119521912350597, 0.8144833197721725, 0.7836538461538461, 0.7493917274939172, 0.781225139220366, 0.7173414820473644, 0.6370147003392386, 0.5727896341463414, 0.7058374666157955, 0.7166160849772383, 0.7821250479478328, 0.4950980392156863, 0.5330547112462006, 0.48142532221379836, 0.710967250571211, 0.7762854950115119, 0.7663763725861417, 0.5479969765684052, 0.5374667173830354, 0.6468373493975904, 0.694180296690757, 0.7492343032159265, 0.7768093974990526, 0.46278195488721807, 0.46651532349602726, 0.5737827715355805, 0.7870159453302962, 0.7657623232709209, 0.7734493192133132, 0.7647951441578149, 0.7536612842658655, 0.6827141774071266, 0.698262839879154, 0.7246431254695718, 0.7319470699432892, 0.6937618147448015, 0.7493333333333333, 0.7078947368421052, 0.7396427213987077, 0.6547528517110266, 0.6528735632183909, 0.6831758034026465, 0.6674311926605505, 0.6552373775433308, 0.7479119210326499, 0.7212439115773698, 0.6829545454545455]]

Mean:  0.6850330685618671
Margin of error:  0.026830032165327398
Lower bound:  0.6582030363965397
Upper bound:  0.7118631007271945
****************** SVM4 ******************

[[0.646562123039807, 0.595396729254997, 0.6284348864994026, 0.6984223300970874, 0.5968712394705175, 0.6754966887417219, 0.6556490384615384, 0.5918657565415245, 0.5784867306606437, 0.5464123006833713, 0.4663065112311629, 0.4738330975954738, 0.4573466476462197, 0.5053672316384181, 0.5453001132502832, 0.5708616780045351, 0.5512236767216847, 0.6517398745008557, 0.6395809739524349, 0.558390022675737, 0.531613269067196, 0.5719546742209631, 0.4654927577392786, 0.45198863636363634, 0.4987226795344877, 0.5380925507900677, 0.5055038103302286, 0.5744500846023689, 0.5963615690733371, 0.6158657947114018, 0.6451704545454545, 0.5706598697252903, 0.5469722693831353, 0.5887850467289719, 0.6011887913954147, 0.5254668930390493, 0.5411831304840079, 0.44869614512471656, 0.49573863636363635, 0.5070501974055274, 0.5423777019340159, 0.5253756733768075, 0.6504688832054561, 0.5424541607898449, 0.6079658605974395, 0.5328611898016997, 0.5550823395797843, 0.5837091319052987, 0.5332575326890279]]

