*** BigDataSet ***

 [12597.895761325557, 1203.0375173640166, 905.8018495460952, 934.379932961341, 738.8438035662202, 791.3616479765566, 732.4265600442958, 669.0165861176738, 689.7816696431764, 677.9893385317786, 701.620961065296, 667.1474504190925, 565.7995305569494, 603.3381661991241, 546.2169503917303, 564.8017305296423, 548.9888060609552, 559.612621816466, 549.311128003925, 500.35097259648603, 522.9572699115266, 503.63530680948065, 600.8183656951204, 818.1857041765927, 851.3557083347687, 750.5754099201448, 667.1051366936599, 702.3817782279286, 757.7785430149586, 616.7271472167918, 647.3958060537333, 660.1438740611137, 759.1192964800124, 581.1251670472373, 688.3414414611769, 595.6473732976318, 574.0635963640841, 571.5281738857684, 599.9599524348911, 619.0817773907413, 577.2030066777551, 602.7172888055, 588.9748612301192, 633.1952356128834, 605.0857942959507, 602.2664658381433, 608.4993082746771, 597.8377095465684, 615.4638964233579, 612.4924918012176, 591.099046993783, 621.6259377012245, 605.6792377571737, 608.1842706312812, 586.6798358485709, 601.633764080616, 610.0754011637064, 600.4737462777637, 684.0889335358171, 580.6368194292686, 573.8043251536797, 582.0549718049095, 612.2107090126253, 601.70761760529, 662.1054578236103, 583.3497531622842, 569.9907954107068, 658.1577592842782, 623.6153799294879, 572.58039117071, 570.2848781154578, 594.1298376020605, 586.8713010822232, 573.0786986228233, 581.4193736142416, 584.1060894685372, 573.8384284058831, 615.0849870795116, 586.7717112869864, 638.0874917467637, 569.4444599267806, 573.8957223149953, 564.129080320324, 555.5707911005692, 628.751264058108, 563.1848197673332, 582.3148577757257, 581.1700678329909, 550.845940087972, 576.2373952321537, 614.1595620580464, 553.4889129926777, 557.17026129905, 589.5635233159633, 556.5938212062811, 570.2827863004526, 552.1736781802555, 570.456880582973, 753.5057011038379, 556.8492177782022, 588.872399189035, 545.5107533202814, 578.8890295760535, 583.6491234467819, 549.3445697562111, 580.1993955067417, 562.4984605957325, 576.7943904894504, 563.9819027172762, 551.3968852275582, 553.487193100866, 547.2444916842575, 547.2139579653259, 560.9092374150521, 585.7481246776927, 544.0779251680439, 545.4968268042007, 560.2049146895085, 553.9079322729232, 547.891929732566, 541.6603013341494, 567.7775098740042, 543.9468681189862, 560.8705567372791, 547.4746707783654, 543.5535754596992, 548.1035925573669, 539.9146015599637, 542.421704659986, 556.8907621539873, 548.428564945513, 562.8418093020467, 551.6343871496041, 539.9054729598478, 539.2127328170127, 586.5598620095117, 539.53763890832, 579.214892624765, 553.3527687809407, 550.2856038186593, 540.9506439510125, 546.2318471650774, 578.3349565648198, 559.5829348018376, 541.2685763992405, 549.7599334679443, 541.143235789194, 551.7704539625277, 560.4904228670696, 553.8592746177667, 561.7959592048699, 532.6689441588437, 567.6480935313953, 545.5966876205027, 543.4172592692756, 529.0041872623809, 533.4380486504023, 523.4499385057262, 523.5494633547783, 503.76860571152514, 505.9083663283796, 537.2262953147742, 516.4903239188508, 523.2046909427676, 500.77691551876325, 514.5252973841066, 524.2373751445083, 526.2834758982368, 502.97205993746445, 511.1321446123321, 524.5744910751222, 511.00009307879884, 516.9811296749139, 501.2389320428785, 500.88418558462166, 506.26438495866336, 535.2200435636357, 530.8207521632772, 526.5466128781512, 498.7078220690295, 501.03336216814284, 504.54016279555276, 498.9765385292172, 553.7561362471585, 541.0847404100355, 533.7258769325589, 505.2543399201584, 516.4695868801747, 533.2870685906478, 546.2406325213651, 507.83077980883866, 528.8645796295573, 515.1053172809269, 499.3489041722756, 518.1036852638598, 502.0001210904142, 492.9601447612218, 493.5104203114405, 492.24488837847804, 495.50898620020615, 492.33042082335646, 500.729267703547, 513.5463221822911, 493.6568072615707, 493.15665565061613, 523.1572134489767, 450.0739025466794, 460.12574042220666, 454.2076986471279, 454.40513495911654, 453.5531431369035, 463.31923353960497, 458.3232249189599, 463.3375876978037, 511.1070083779657, 466.39344997939037, 464.22902138096913, 458.04800073523666, 461.2642285422645, 446.88814950437586, 445.993354102083, 452.0319918477607, 458.4440395447109, 446.9930313309498, 447.104636640929, 446.94907799874716, 453.851509217918, 447.15984216235177, 444.8614493850347, 447.5006414568921, 445.25576417619925, 444.88516646460715, 446.8376671340003, 445.41758972110455, 518.753070865391, 460.55880429708947, 459.3807805722184, 473.8287056820714, 455.5558643830088, 471.3112454711833, 479.15255407537074, 499.1454344189945, 456.1237012129263, 464.15429498748284, 451.0581796605471, 461.2780906054388, 444.626743745408, 447.44016510807495, 469.14951669427603, 463.4976661221697]

********************************************************************************************

RESULT NEURAL NETWORK

Overall accuracy NN is 95.47 percentage of 1414 tested data points.


Details for the wrong predictions

Wrong predicitions in total:  64
Should be office but predicted kitchen 8 corresponds to 12.50 percentage of wrongs.
Should be office but predicted living room 1 corresponds to 1.56 percentage of wrongs.
Should be kitchen but predicted office 2 corresponds to 3.12 percentage of wrongs.
Should be kitchen but predicted living room 26 corresponds to 40.62 percentage of wrongs.
Should be living room but predicted office 9 corresponds to 14.06 percentage of wrongs.
Should be living room but predicted kitchen 18 corresponds to 28.12 percentage of wrongs.

********************************************************************************************
*** SmallDataSetTestedAgainstBigDataSetSVM ***

 [381.4740772712387, 53.7572639709954, 47.58594917221272, 44.0688183654781, 42.19668536042538, 40.98746228582489, 40.08339087999829, 39.36521662284569, 38.77449743905987, 38.2748314230053, 37.83963191441857, 37.44337169151448, 37.10717572507828, 36.822512242706864, 36.00771449223734, 35.74824438877469, 35.52317330118968, 35.324176236164554, 35.14621056665363, 34.98568453004869, 34.83989376585978, 34.706736986763005, 34.58454260910037, 34.47195479189324, 34.36785547173113, 34.27130938528464, 34.181524066745595, 34.09781888365332, 34.019588540803305, 33.94284906252223, 33.8735885059977, 33.80909218093543, 33.748426196599056, 33.69125421892167, 33.63709376211905, 32.78395415968629, 32.652754662999854, 32.54950837649747, 32.46302003699441, 29.99071025809775, 29.088439465380134, 28.822805690759353, 28.638860573372742, 28.498775046549554, 28.38442994175535, 28.28628590853511, 28.198989822561792, 28.119381841919846, 28.04551314653974, 27.976131880345932, 27.910401605903992, 27.84774131790013, 27.78773125094652, 27.730053395280873, 27.67442111217851, 27.61764188930453, 27.5654725450371, 27.515235033375838, 27.466538989665544, 27.419252063418988, 27.373233141171458, 27.31338504113934, 27.25476712178334, 27.198932981007424, 27.14598553470039, 27.0942927638297, 26.866350673719758, 26.490676736973963, 26.408354973092287, 30.830758386505032, 30.53429484765297, 30.331437272132874, 30.17013965949959, 30.037615712003785, 29.927171860208663, 29.83398841387426, 29.754801559808428, 29.68652039400859, 29.627045536606836, 29.556890532748113, 29.509345155438425, 29.46737562056252, 29.42996073001011, 29.39638544210137, 29.366078601478307, 29.338570254486708, 29.31346858931586, 29.29043581621159, 29.266098511663916, 29.119443143292298, 29.097330057461313, 29.078138785224212, 29.060888261975702, 29.045151352938323, 29.030669771242586, 29.017258691030616, 29.004774401165058, 28.993099605023104, 28.982132527767, 28.971734044530887, 28.960645595533073, 28.95114753854232, 28.942281846280856, 28.933853595598652, 28.9255038556975, 28.916597249976178, 28.90908168326799, 28.90196419684196, 28.89515013608676, 28.888597392944085, 28.882278101557496, 28.876171179644842, 28.87025950787666, 28.864528581451466, 28.858965766637077, 28.853559832015932, 28.848300604245104, 28.84317866499245, 28.838185026924826, 28.8333107341017, 28.82854639035583, 28.8238819768814, 28.81930856782435, 28.81482451400504, 28.810440170626293, 28.806166097862096, 28.802000340293127, 28.797933856891017, 28.793958090058606, 28.790066685684135, 28.78625493347866, 28.782519113963318, 28.778856101924205, 28.775263152097313, 28.7717377828562, 28.768277709930103, 28.76488080601007, 28.76154507426579, 28.758268629685162, 28.755049685002312, 28.75188653938006, 28.748777568691292, 28.745721216523087, 28.742715985021324, 28.73976042436032, 28.736853118705326, 28.733992664279825, 28.731177629320467, 28.72840646897152, 28.725677312287765, 28.72298730674789, 28.720329857204106, 28.71767282003792, 28.323828673745766, 28.154278853878072, 28.07790360403449, 28.035587338820267, 27.973889255842195, 27.959547466074337, 27.90646660082516, 27.879565922909727, 27.86054978433759, 27.864857344764047, 27.81147045971678, 27.82720012670832, 27.79153833545937, 27.7923800292469, 27.77582589729421, 27.732628986026462, 27.749826434182133, 27.72049402008156, 27.72407282548913, 27.700181571309404, 27.678193026443246, 27.658439595012368, 27.685165621106055, 27.67020433486697, 27.653836279717794, 27.65999874055623, 27.099545493448353, 27.027490360908928, 26.9916839679807, 26.963258149629958, 26.939083119375056, 26.91791173615119, 26.899058150501887, 26.88207195749621, 26.866627111356696, 26.85247436824457, 26.83941696222593, 26.82729639010597, 26.815983251678638, 26.80537090870345, 26.795370858611253, 26.785909229482588, 26.77692405344449, 26.76836310691393, 26.76018217884418, 26.752343670679227, 26.744815458052983, 26.737569961507962, 26.730583385393054, 26.723835092642414, 26.717307089427823, 26.710983598263077, 26.704850701129516, 26.698896035024063, 26.69310851865052, 26.68747807195482, 26.68199522163576, 26.67665014912439, 26.671428178496914, 26.66623568322242, 26.639144041579964, 26.633945970167566, 26.629276103410646, 26.62480277795083, 26.6204652865788, 26.616241021286612, 26.612118091431523, 26.608088801866316, 26.60414747202978, 26.600289535113163, 26.5965111061741, 26.592808747744726, 26.58917932346938, 26.58561988322377, 26.582127528788153, 26.578699153471756, 26.57533064203333, 26.5720128325248, 26.568670405181006, 26.44570417038804, 26.44052596289363, 26.080499702785957, 26.003065532685735, 25.93943323540646, 25.909059620275038, 25.88588224232344, 25.865188354639955, 25.84709034593633, 25.83056918786759, 25.815299435330974, 25.801067092694204, 25.787722133093126, 25.775157288317892, 25.76332075413442, 25.752269619103, 25.731016812710763, 24.007106432766115]

********************************************************************************************

RESULT NEURAL NETWORK

Overall accuracy NN is 37.88 percentage of 7070 tested data points.


Details for the wrong predictions

Wrong predicitions in total:  4392
Should be office but predicted kitchen 1045 corresponds to 23.79 percentage of wrongs.
Should be office but predicted living room 477 corresponds to 10.86 percentage of wrongs.
Should be kitchen but predicted office 663 corresponds to 15.10 percentage of wrongs.
Should be kitchen but predicted living room 653 corresponds to 14.87 percentage of wrongs.
Should be living room but predicted office 465 corresponds to 10.59 percentage of wrongs.
Should be living room but predicted kitchen 1089 corresponds to 24.80 percentage of wrongs.

********************************************************************************************
*** BigDataSetSeparateFloors ***

 [17513.624041023846, 339.37462667682934, 225.13204503389522, 206.99209762604872, 145.28476668980886, 144.2929629719016, 138.4420184205398, 130.78375822378047, 130.1065296999085, 130.07573660731984, 129.97092899635274, 130.94943833462875, 128.03804326353458, 127.15445793442058, 126.27574207358529, 126.1470681934555, 126.13027796990731, 126.0176955073845, 126.00207423552189, 125.99163362080888, 125.98231088128647, 125.86785287650358, 125.85707082456413, 125.80773819783003, 125.79844689563632, 136.4013086250263, 135.84770152785688, 126.41573096725608, 126.17380190073493, 125.2873237290658, 122.81176235217889, 119.56493466854128, 118.77730053874461, 118.34433567701022, 118.05105778780813, 117.9040960182538, 117.864247243316, 117.83159617099662, 117.424138429806, 116.57382536475708, 116.35102284796626, 115.78608676392153, 115.55563956002158, 115.0959277095405, 114.92714242946046, 114.84444110450232, 114.5147671022839, 114.27632964002176, 113.61223688724762, 113.36857913823555, 113.27433073692902, 113.20063794819734, 113.12630925148672, 112.71795695046288, 112.63044534418596, 112.55662083199398, 112.25942750830811, 112.14470554953893, 112.07789732630599, 112.03483844843909, 111.97153958949468, 111.92370462113958, 111.88871295917136, 111.63048511696121, 111.21146291291646, 111.168377493439, 111.12132207452028, 111.08896074543227, 110.86527544097004, 110.74904143798864, 110.70537718789716, 110.67791565592921, 110.59629592709332, 109.87473176507805, 109.79323660755634, 109.7474125690096, 109.51042412312148, 109.49591379964544, 109.48591301631505, 109.25673086057287, 109.24531266413574, 109.22254055026993, 109.21512182679639, 109.20657006354227, 109.0419718445788, 109.02773970925593, 109.02195671757087, 109.01144166521749, 108.94741487414555, 108.92827086931645, 108.91700064253388, 108.9066611649492, 108.89827984736311, 108.84228981100458, 108.82481694792018, 108.76668208188678, 108.76034383067541, 108.5177717465699, 108.5155931660683, 108.51351745517522, 108.51050716262804, 108.50865497522328, 108.5073468259356, 108.50618600163169, 108.50508973826163, 108.50399724047196, 107.59283666716259, 107.289061960335, 107.16761319749702, 107.08568592449862, 107.0242606158013, 106.97747591822954, 106.94026906795723, 106.90968780335574, 106.8839782280499, 106.86197152045462, 106.84285336424496, 106.82603773282808, 106.81109144838452, 106.79768680234179, 106.7855705643116, 106.77454262596417, 106.76443878277132, 106.75509971135308, 106.74586733892075, 106.7370271311824, 106.72941031453857, 106.72240536863478, 106.71587274604776, 106.70974417602643, 106.70396893358583, 106.69848694891715, 106.69280733281, 106.68697441713911, 106.68214383786935, 106.67766915998514, 106.6734410547272, 106.6694210504061, 106.66558730703493, 106.6619238535867, 106.65841759518315, 106.65505723738207, 106.65183279818537, 106.64873533712709, 106.64575677985042, 106.64288979193695, 106.64012768179275, 106.63746432259852, 106.63489408776543, 106.63241179650976, 106.63001266733683, 106.62769227784712, 106.62544652974559, 106.62327161817616, 106.62116400469822, 106.61912039336615, 106.61713770947888, 106.61521308062062, 106.61334381970208, 106.61152740974848, 106.6097614902092, 106.6080438446142, 106.60637238941969, 106.60474516389827, 106.60316032097201, 106.60161611886653, 106.60011091351528, 106.59864315162308, 106.59721136432921, 106.59581416140301, 106.59445022592328, 106.59311830939242, 106.5918172272446, 106.5905458547068, 106.58930312298999, 106.588088015765, 106.58689956591135, 106.58573685250833, 106.58459899804525, 106.58348516583827, 106.58239455763028, 106.58132641136109, 106.58027999909503, 106.57925462508834, 106.5782496239928, 106.5772643591756, 106.57629822115464, 106.57535062613408, 106.57442101463582, 106.57350885022122, 106.57261361828833, 106.57173482494903, 106.57087199597595, 106.57002467580975, 106.56919242663184, 106.5683748274872, 106.5675714734653, 106.56678197492357, 106.5660059567589, 106.56524305772014, 106.5644929297597, 106.56375523742145, 106.56302965726374, 106.56231587731273, 106.56161359654435, 106.56092252439937, 106.56024238031658, 106.55957289329646, 106.5589138014886, 106.55826485179159, 106.55762579948451, 106.55699640786857, 106.55637644792988, 106.55576569802028, 106.55516394354794, 106.55457097668832, 106.55398659610795, 106.55341060669222, 106.55284281929994, 106.55228305051266, 106.551731122407, 106.5511868623255, 106.55065010266155, 106.55012068065112, 106.54959843816549, 106.54908322151266, 106.54857488124038, 106.54807327193988, 106.54757825204658, 106.54708968363906, 106.54660743222817, 106.54613136653252, 106.54566135822786, 106.54519728167189, 106.54473901357225, 106.54428643258912, 106.54383941882196, 106.54339785313488, 106.5429616162208, 106.54253058724547, 106.54210464179909, 106.54168364863615, 106.54126746421055, 106.54085592291516, 106.54044881827231, 106.54004586301441, 106.53964659271169, 106.53925008593346, 106.53885387451678, 106.5384463878419]

********************************************************************************************

RESULT NEURAL NETWORK

Overall accuracy NN is 99.08 percentage of 1414 tested data points.


Details for the wrong predictions

Wrong predicitions in total:  13
Should be office but predicted kitchen 0 corresponds to 0.00 percentage of wrongs.
Should be office but predicted living room 6 corresponds to 46.15 percentage of wrongs.
Should be kitchen but predicted office 0 corresponds to 0.00 percentage of wrongs.
Should be kitchen but predicted living room 0 corresponds to 0.00 percentage of wrongs.
Should be living room but predicted office 7 corresponds to 53.85 percentage of wrongs.
Should be living room but predicted kitchen 0 corresponds to 0.00 percentage of wrongs.

********************************************************************************************
