****************** SVM3 ******************

[[0.9256938227394808, 0.963669391462307, 0.9574844995571302, 0.9783393501805054, 0.9306049822064056, 0.9288288288288288, 0.9284452296819788, 0.794480755265069, 0.8052407932011332, 0.4005784526391902, 0.7587687902648532, 0.8689801699716714, 0.7997107736804049, 0.6993557623478883, 0.8235294117647058, 0.6543745480838756, 0.7322834645669292, 0.7988380537400145, 0.8286118980169972, 0.3914590747330961, 0.39985590778097985, 0.8226148409893993, 0.7145907473309608, 0.7615273775216138, 0.8438162544169612, 0.5928825622775801, 0.6159942363112392, 0.8360424028268552, 0.8911032028469751, 0.8623919308357348, 0.8367491166077738, 0.8760806916426513, 0.8480565371024735, 0.7814946619217081, 0.7406360424028269, 0.695373665480427, 0.6548991354466859, 0.7201145311381532, 0.8155410312273057, 0.7818696883852692, 0.8445408532176428, 0.6728704366499642, 0.6717501815541032, 0.6487252124645893, 0.7678958785249458, 0.6950608446671439, 0.8126361655773421, 0.8449008498583569, 0.6261749819233551], [0.9333333333333333, 0.9041394335511983, 0.9446808510638298, 0.9414316702819957, 0.9188034188034188, 0.9134199134199135, 0.9065817409766455, 0.8289902280130294, 0.8412360149174214, 0.625, 0.7828663793103449, 0.8295029396044896, 0.6845819761129207, 0.7321906802356722, 0.8619382782891175, 0.7085806799784133, 0.6878363832077503, 0.7780195865070729, 0.8622530699412707, 0.5957219251336898, 0.6103615758229898, 0.8148936170212766, 0.6904506437768241, 0.6578234975636167, 0.7262540021344717, 0.6592, 0.616254036598493, 0.8312997347480106, 0.8569131832797428, 0.8994050838290968, 0.8630063965884861, 0.8793103448275862, 0.8459904407859798, 0.810391001606856, 0.810335641981886, 0.7958422174840085, 0.7875201721355568, 0.7651474530831099, 0.8292682926829268, 0.8319148936170213, 0.8660183684494868, 0.6976869284561592, 0.7558455682436107, 0.7374599786552828, 0.8032520325203252, 0.6568522483940042, 0.7716450216450217, 0.8751991502920871, 0.7195253505933118], [0.8216970998925887, 0.8965141612200436, 0.9032943676939427, 0.9251626898047722, 0.9155982905982906, 0.9113513513513514, 0.8536585365853658, 0.7898613518197574, 0.7494664959453692, 0.7216940363007779, 0.71792656587473, 0.788412017167382, 0.8131247283789657, 0.7882805816937554, 0.8485763589301122, 0.8326161790017211, 0.7218628719275549, 0.7977381470204437, 0.8654670094258783, 0.7131849315068494, 0.7645536869340233, 0.7502131287297528, 0.7395609126130004, 0.7679965307892455, 0.7603943420488641, 0.7911338448422848, 0.7775869471876342, 0.8348896434634975, 0.8762354963472282, 0.8848484848484849, 0.8729139922978177, 0.8726333907056799, 0.8813270948532539, 0.8703862660944206, 0.8572649572649572, 0.7163543441226575, 0.7627627627627628, 0.7719674239177026, 0.8184176394293126, 0.8466780238500852, 0.8792583009918068, 0.6477174849267873, 0.661598609904431, 0.8254172015404364, 0.8409878682842288, 0.6649572649572649, 0.7935344827586207, 0.79447983014862, 0.7226999140154772], [0.8084714548802947, 0.8020541549953315, 0.8524590163934426, 0.8948837209302326, 0.8992673992673993, 0.897126969416126, 0.7981818181818182, 0.7665448639870077, 0.7702161729383507, 0.7808829485621709, 0.6847649918962723, 0.6814337494965768, 0.7070089649551752, 0.7362725450901804, 0.8133333333333334, 0.7025392986698912, 0.845873786407767, 0.8641924959216966, 0.862887012464817, 0.7655560016057809, 0.7623282134195635, 0.7433026789284286, 0.6958804523424879, 0.7006913379422529, 0.7477876106194691, 0.6656012784658409, 0.668141592920354, 0.7584560286510147, 0.8612903225806452, 0.8607389362565977, 0.8722891566265061, 0.8520161290322581, 0.8456322297566813, 0.8506441223832528, 0.847233360064154, 0.7233532934131737, 0.72508038585209, 0.8055443953394937, 0.8383961117861483, 0.8638178913738019, 0.8476767676767677, 0.7096122778675282, 0.7683224755700325, 0.8350060216780409, 0.8277822908204712, 0.6748097717260713, 0.754541784416633, 0.7623407643312102, 0.7180829641562626], [0.7445608380338437, 0.8063725490196079, 0.7697211155378486, 0.8860862489829129, 0.8405448717948718, 0.7575020275750203, 0.771678599840891, 0.7895339954163484, 0.7531096871466264, 0.6627286585365854, 0.7176650133536818, 0.7545523520485584, 0.7859608745684695, 0.6459276018099548, 0.6941489361702128, 0.650871872630781, 0.7277227722772277, 0.7981580966999232, 0.8576296857251041, 0.6957671957671958, 0.6405477367820464, 0.7195030120481928, 0.7208063902624572, 0.7722052067381318, 0.7968927624100038, 0.6552631578947369, 0.6220204313280363, 0.7295880149812735, 0.8500379650721336, 0.8654948414214749, 0.8400151285930408, 0.8220789074355084, 0.8099887345099512, 0.7058377558756633, 0.7239425981873112, 0.7227648384673178, 0.7217391304347827, 0.6854442344045368, 0.7790476190476191, 0.8033834586466165, 0.7913340935005702, 0.6730038022813688, 0.6904214559386973, 0.6986767485822306, 0.6926605504587156, 0.70120572720422, 0.7930903568716781, 0.6935181715998502, 0.678409090909091]]

Mean:  0.7682748575890506
Margin of error:  0.03908995665827758
Lower bound:  0.7291849009307729
Upper bound:  0.8073648142473282
Mean:  0.7907382730509951
Margin of error:  0.027493515870933162
Lower bound:  0.7632447571800619
Upper bound:  0.8182317889219283
Mean:  0.8045766865871427
Margin of error:  0.020268676959821617
Lower bound:  0.7843080096273211
Upper bound:  0.8248453635469642
Mean:  0.7861296192936917
Margin of error:  0.01987387861174712
Lower bound:  0.7662557406819446
Upper bound:  0.8060034979054389
Mean:  0.7450849982616924
Margin of error:  0.01887047996004252
Lower bound:  0.7262145183016498
Upper bound:  0.7639554782217349
****************** SVM4 ******************

[[0.8545576407506702, 0.8815612382234186, 0.8759124087591241, 0.916385704652731, 0.7927807486631016, 0.8796791443850267, 0.9044756179024717, 0.6533907427341227, 0.6847133757961783, 0.3926645091693635, 0.6034297963558414, 0.6979830148619958, 0.6375404530744336, 0.7647374062165059, 0.7319698600645855, 0.5927723840345199, 0.567524115755627, 0.6840688912809473, 0.6836518046709129, 0.3877005347593583, 0.37025147137506687, 0.5790598290598291, 0.5764705882352941, 0.6013911182450509, 0.7040598290598291, 0.6042780748663101, 0.5842696629213483, 0.6634615384615384, 0.6497326203208557, 0.7298020331728197, 0.6848290598290598, 0.7538790797217764, 0.6853632478632479, 0.6566844919786097, 0.6084401709401709, 0.49732620320855614, 0.5227394328517924, 0.5439442658092176, 0.6684607104413348, 0.6725053078556263, 0.6645091693635383, 0.5884244372990354, 0.616254036598493, 0.6146496815286624, 0.6553398058252428, 0.41586280814576637, 0.6189451022604952, 0.6571125265392781, 0.5026968716289104], [0.8713826366559485, 0.8659127625201939, 0.8519108280254777, 0.8964401294498382, 0.7720706260032103, 0.8683788121990369, 0.8910256410256411, 0.6935483870967742, 0.7198723064644852, 0.5109046849757674, 0.6788732394366197, 0.7383140231721934, 0.6291953093408815, 0.7353648757016841, 0.7574416733708769, 0.6929895245769541, 0.6151368760064412, 0.6926494345718901, 0.7246203037569944, 0.5112359550561798, 0.5158570855078282, 0.6355252606255012, 0.5472077139413419, 0.5940514469453376, 0.686069851465275, 0.699759807846277, 0.6295554665598718, 0.7204, 0.6933279742765274, 0.7474869320466425, 0.7180722891566265, 0.7696629213483146, 0.6889779559118236, 0.7015643802647413, 0.6753507014028056, 0.6483560545308741, 0.6261532290413157, 0.5841703495379671, 0.6557839580814188, 0.6637415237335461, 0.6653209527654421, 0.5295299316994777, 0.6187021362353889, 0.6330275229357798, 0.6637060960839726, 0.6686746987951807, 0.749798549556809, 0.7488038277511961, 0.5778853914447135], [0.797427652733119, 0.8449111470113085, 0.7826433121019108, 0.8203883495145631, 0.7913322632423756, 0.8130016051364366, 0.7836538461538461, 0.7143778207607995, 0.7205882352941176, 0.6429954809554551, 0.7145618556701031, 0.7443946188340808, 0.732535575679172, 0.6303651505445227, 0.7225433526011561, 0.6090032154340836, 0.6057382333978079, 0.7301228183581124, 0.705448717948718, 0.6040462427745664, 0.5987793125602313, 0.7124518613607189, 0.7232947232947233, 0.7125844866430641, 0.7176848874598071, 0.6183621241202815, 0.6208, 0.6860613810741688, 0.6886670959433355, 0.762962962962963, 0.7165379665379665, 0.7662921348314606, 0.7129570237331623, 0.7082798459563543, 0.6786401539448365, 0.5689544579858884, 0.5925569457811999, 0.653598971722365, 0.7106958762886598, 0.7159744408945687, 0.6874193548387096, 0.5559125964010283, 0.6510953608247423, 0.6405750798722045, 0.6741935483870968, 0.5497752087347463, 0.6658081133290406, 0.6954022988505747, 0.6021921341070278], [0.7498277050310131, 0.7730103806228373, 0.7474402730375427, 0.7253814147018031, 0.7482806052269602, 0.8134893324156917, 0.7307692307692307, 0.6724085826533696, 0.6416791604197901, 0.6335854765506808, 0.5826034430685594, 0.6254130369480324, 0.6459533191876327, 0.6295406784749324, 0.7077941619018959, 0.5733654715275686, 0.6112454655380894, 0.6287878787878788, 0.6572459410703548, 0.664257753688648, 0.619277108433735, 0.6157086969605778, 0.6645550527903469, 0.6194930597465299, 0.6728971962616822, 0.5982008995502249, 0.584883023395321, 0.6523823793826791, 0.6394927536231884, 0.6306251887647236, 0.6493663246831624, 0.6966596448991875, 0.6671677690920024, 0.7186277460126392, 0.7061654135338346, 0.605832832230908, 0.606015037593985, 0.6412650602409639, 0.6890096618357487, 0.6737567405632116, 0.6626360338573156, 0.6040976197649894, 0.6741165810933253, 0.6790530416541805, 0.7227094042939219, 0.5042143287176399, 0.6062160531080265, 0.6589820359281438, 0.6066465256797583], [0.7189384800965019, 0.6390066626287099, 0.7299880525686977, 0.7609223300970874, 0.6558363417569194, 0.674894641782059, 0.6676682692307693, 0.6097838452787259, 0.5976849237718803, 0.5805808656036446, 0.5294284901905033, 0.5306930693069307, 0.49757489300998575, 0.6271186440677966, 0.6755379388448471, 0.6859410430839002, 0.6402959590210586, 0.7250427837992014, 0.6959229898074745, 0.5864512471655329, 0.5851998865891692, 0.5645892351274787, 0.5353592729338256, 0.5153409090909091, 0.551518592108998, 0.6329006772009029, 0.6491673722833756, 0.700507614213198, 0.6606026151222285, 0.6943417685527438, 0.6960227272727273, 0.6360804304729538, 0.6279003961516695, 0.6380628717077316, 0.6396829889612228, 0.5704584040747029, 0.5742994622134163, 0.5861678004535147, 0.6161931818181818, 0.6071630005640158, 0.6001137656427759, 0.5815140345903034, 0.625177607274794, 0.5748942172073342, 0.6244665718349929, 0.5039660056657224, 0.60931289040318, 0.5837091319052987, 0.584138715179079]]

Mean:  0.6505763789289325
Margin of error:  0.03681695921014069
Lower bound:  0.6137594197187918
Upper bound:  0.6873933381390732
Mean:  0.6892610620183489
Margin of error:  0.027821273349652786
Lower bound:  0.6614397886686961
Upper bound:  0.7170823353680017
Mean:  0.6918079559711671
Margin of error:  0.020449977877824134
Lower bound:  0.671357978093343
Upper bound:  0.7122579338489912
Mean:  0.6577986229656014
Margin of error:  0.016597915653357234
Lower bound:  0.6412007073122442
Upper bound:  0.6743965386189587
Mean:  0.6203706860760954
Margin of error:  0.017735631892643825
Lower bound:  0.6026350541834515
Upper bound:  0.6381063179687392
