****************** SVM3 ******************

[[0.8755595344673232, 0.9266304347826086, 0.8600531443755536, 0.9122965641952984, 0.8941281138790036, 0.8936936936936937, 0.9045936395759717, 0.7828612926652142, 0.7889518413597734, 0.7917570498915402, 0.7437365783822477, 0.7046742209631728, 0.8228488792480115, 0.690050107372942, 0.8046477850399419, 0.8438177874186551, 0.807444523979957, 0.8511256354393609, 0.806657223796034, 0.795017793594306, 0.7795389048991355, 0.7469964664310954, 0.7672597864768683, 0.8321325648414986, 0.8148409893992933, 0.7814946619217081, 0.8162824207492796, 0.841696113074205, 0.8327402135231317, 0.8544668587896254, 0.8240282685512368, 0.8436599423631124, 0.8318021201413428, 0.8455516014234875, 0.8254416961130742, 0.801423487544484, 0.8328530259365994, 0.7430207587687903, 0.7857661583151779, 0.8101983002832861, 0.8228488792480115, 0.7158196134574087, 0.7516339869281046, 0.7953257790368272, 0.8373101952277657, 0.6649964209019327, 0.8235294117647058, 0.8172804532577904, 0.7758496023138105], [0.8795698924731182, 0.8823529411764706, 0.8659574468085106, 0.9175704989154013, 0.8675213675213675, 0.9155844155844156, 0.8704883227176221, 0.7996742671009772, 0.7943526904635055, 0.8187229437229437, 0.7693965517241379, 0.7701763762693746, 0.8289902280130294, 0.7113015532940546, 0.8191662154845696, 0.8397193739881273, 0.8245425188374597, 0.8585418933623504, 0.8344901227976508, 0.8288770053475936, 0.806799784133837, 0.7808510638297872, 0.8025751072961373, 0.8489442338927992, 0.8367129135538954, 0.7946666666666666, 0.8202368137782562, 0.8546419098143236, 0.8654876741693462, 0.871281773931855, 0.8422174840085288, 0.8459051724137931, 0.8146574614976102, 0.8452062131762186, 0.8604155567394779, 0.8097014925373134, 0.8305540613232921, 0.7903485254691689, 0.7978319783197833, 0.8042553191489362, 0.8217179902755267, 0.7568585260892953, 0.8091353996737357, 0.8351120597652081, 0.843360433604336, 0.7103854389721628, 0.8354978354978355, 0.8151885289431758, 0.8220064724919094], [0.8378088077336198, 0.8703703703703703, 0.8469713071200851, 0.8839479392624728, 0.8365384615384616, 0.8735135135135135, 0.865323435843054, 0.7863951473136915, 0.7746478873239436, 0.7713915298184961, 0.7352051835853132, 0.7523605150214592, 0.8100825727944372, 0.7331052181351583, 0.8097497842968076, 0.8347676419965576, 0.8007761966364813, 0.8377555458895172, 0.803770351328192, 0.7803938356164384, 0.7731780940060371, 0.7225063938618926, 0.7731381833835558, 0.823937554206418, 0.8139734247749678, 0.7898550724637681, 0.8248175182481752, 0.8310696095076401, 0.8345509239363988, 0.8402597402597403, 0.8399657680787335, 0.8175559380378657, 0.8226286686516376, 0.8523605150214593, 0.8367521367521368, 0.8194207836456558, 0.8378378378378378, 0.7586798114016288, 0.8266320795503674, 0.8109028960817717, 0.8210435532557137, 0.7803617571059431, 0.8205907906168549, 0.8331193838254172, 0.837521663778163, 0.7688034188034188, 0.8405172413793104, 0.8038216560509555, 0.8241616509028374], [0.8047882136279927, 0.8366013071895425, 0.8269581056466302, 0.8651162790697674, 0.8443223443223443, 0.8544949026876738, 0.8681818181818182, 0.7401542833942347, 0.6921537229783827, 0.6998784933171325, 0.7560777957860616, 0.7583568264196536, 0.8235533822330888, 0.7438877755511022, 0.7943434343434344, 0.833937928254736, 0.8159385113268608, 0.848694942903752, 0.8198632891033374, 0.7342432757928543, 0.6827000808407437, 0.663734506197521, 0.7924071082390953, 0.8161854412362749, 0.834271922767498, 0.8230123851378346, 0.8181818181818182, 0.807799442896936, 0.834274193548387, 0.8375964271213967, 0.8337349397590361, 0.8387096774193549, 0.8228958915037894, 0.8164251207729468, 0.847233360064154, 0.8099800399201597, 0.8211414790996785, 0.7645640819606268, 0.8205751316322397, 0.7975239616613419, 0.8125252525252525, 0.7621163166397416, 0.8249185667752443, 0.8185467683661181, 0.8107229894394801, 0.6904285142170604, 0.826806620912394, 0.8061305732484076, 0.8026580749093838], [0.7800161160354553, 0.7998366013071896, 0.7442231075697211, 0.8144833197721725, 0.8389423076923077, 0.8540145985401459, 0.8305489260143198, 0.7750190985485104, 0.7210704862419902, 0.7896341463414634, 0.743609309423884, 0.742412746585736, 0.7821250479478328, 0.6832579185520362, 0.7545592705167173, 0.7831690674753601, 0.7734196496572734, 0.7927858787413661, 0.7709201060204468, 0.7569916855631141, 0.7736782046405477, 0.7368222891566265, 0.7687333586915177, 0.7863705972434916, 0.7987874194770747, 0.7462406015037594, 0.7582292849035187, 0.7591760299625468, 0.7942293090356871, 0.7997707298433321, 0.7912254160363086, 0.8277693474962063, 0.8190011265490049, 0.8476118271417741, 0.8402567975830816, 0.818557475582269, 0.8132325141776937, 0.7516068052930057, 0.796952380952381, 0.7992481203007519, 0.814899277841125, 0.7684410646387833, 0.8206896551724138, 0.8204158790170132, 0.8402140672782875, 0.6861341371514694, 0.7908124525436598, 0.7924316223304608, 0.7890151515151516]]

Mean:  0.8105374393021103
Margin of error:  0.015810032138873446
Lower bound:  0.7947274071632369
Upper bound:  0.8263474714409837
****************** SVM4 ******************

[[0.7989276139410187, 0.7940780619111709, 0.743368700265252, 0.8543492919757248, 0.7366310160427807, 0.7852842809364549, 0.8603874415497662, 0.6151776103336921, 0.5753715498938429, 0.5571736785329018, 0.5535905680600214, 0.554140127388535, 0.633764832793959, 0.617363344051447, 0.6119483315392895, 0.6316073354908306, 0.6404072883172561, 0.7120559741657696, 0.6841825902335457, 0.5967914438502674, 0.5222043873729267, 0.4962606837606838, 0.586096256684492, 0.6345639379347244, 0.6260683760683761, 0.6112299465240641, 0.5987158908507223, 0.6533119658119658, 0.6310160427807486, 0.7233814874264313, 0.7136752136752137, 0.64633493846977, 0.625, 0.6422459893048128, 0.7158119658119658, 0.6149732620320856, 0.6131621187800963, 0.5878885316184351, 0.6792249730893434, 0.6459660297239915, 0.6418554476806904, 0.5482315112540193, 0.6442411194833154, 0.6130573248407644, 0.7745415318230853, 0.5493033226152197, 0.6630785791173305, 0.6539278131634819, 0.5916936353829557], [0.792604501607717, 0.8190630048465266, 0.6831210191082803, 0.8527508090614887, 0.7158908507223114, 0.7592295345104334, 0.8333333333333334, 0.6540322580645161, 0.6137270550678372, 0.5779483037156704, 0.6116700201207244, 0.6324410707151419, 0.6765062676910635, 0.6182838813151563, 0.6427996781979083, 0.6583400483481063, 0.6710950080515298, 0.7394991922455574, 0.7250199840127898, 0.6356340288924559, 0.5700521878763549, 0.5236567762630313, 0.6516673362796304, 0.6595659163987139, 0.6748293857888398, 0.6361088871096877, 0.6271525830997197, 0.6188, 0.6893086816720257, 0.7575392038600723, 0.7534136546184739, 0.6617174959871589, 0.6420841683366734, 0.6598475732049739, 0.7294589178356713, 0.6431435445068163, 0.6486161251504212, 0.6247488951386099, 0.6747279322853688, 0.66094934184284, 0.6540169559951554, 0.6448372840498192, 0.6989117291414753, 0.6358197048264859, 0.7521194993944288, 0.6044176706827309, 0.7240128928283642, 0.6706539074960127, 0.6501210653753027], [0.7652733118971061, 0.7520193861066236, 0.697452229299363, 0.8131067961165048, 0.6845906902086677, 0.7399678972712681, 0.7596153846153846, 0.6908446163765313, 0.6588874680306905, 0.6568754034861201, 0.634020618556701, 0.6319666880204997, 0.6846701164294955, 0.6265214606021781, 0.6599229287090559, 0.645016077170418, 0.6963249516441006, 0.7524240465416936, 0.705448717948718, 0.682723185613359, 0.6434307741728237, 0.6267650834403081, 0.6657014157014157, 0.6700997747022852, 0.670096463022508, 0.6596289187460013, 0.63488, 0.6307544757033248, 0.7012234385061172, 0.7355877616747182, 0.7287644787644788, 0.6449438202247191, 0.622193713919179, 0.6662387676508345, 0.7113534316869788, 0.6359846055163566, 0.6490214950272698, 0.6381748071979434, 0.6520618556701031, 0.6380191693290734, 0.636774193548387, 0.5909383033419023, 0.6494845360824743, 0.6348242811501598, 0.7183870967741935, 0.5850995504174695, 0.6986477784932389, 0.6621966794380587, 0.6528046421663443], [0.6919365954514128, 0.7044982698961938, 0.6716723549488055, 0.79750346740638, 0.6705639614855571, 0.7198898830006882, 0.7328296703296703, 0.6509519492293744, 0.631784107946027, 0.6217851739788199, 0.5952884324977348, 0.6623610693902072, 0.6686874810548651, 0.6445511858300811, 0.6530243755642492, 0.6453751129858392, 0.6650544135429263, 0.740909090909091, 0.7134696331930247, 0.6573321288768443, 0.6222891566265061, 0.6148058982846825, 0.6425339366515838, 0.6514785757392879, 0.654507084715104, 0.6359820089955023, 0.6247750449910018, 0.6484866646688643, 0.7019927536231884, 0.7302929628511023, 0.7269161134580567, 0.6120975022569967, 0.6211665664461816, 0.6605476978633764, 0.6923308270676691, 0.640408899579074, 0.6724812030075188, 0.625, 0.6645531400966184, 0.6372079089275015, 0.6194074969770254, 0.6248870141608919, 0.6807610993657506, 0.6571771051842973, 0.7103114605382522, 0.5981336544250452, 0.679843089921545, 0.6407185628742516, 0.6694864048338368], [0.6845597104945718, 0.6820109024833434, 0.6618876941457587, 0.758495145631068, 0.6546329723225031, 0.6712823600240819, 0.7055288461538461, 0.6484641638225256, 0.6338226990400904, 0.6047835990888383, 0.5538811487062838, 0.6014144271570014, 0.6433666191155493, 0.6096045197740113, 0.6511891279728199, 0.6479591836734694, 0.6138303927148548, 0.7007986309184255, 0.6868629671574179, 0.6303854875283447, 0.604763254890842, 0.5968838526912181, 0.6265265549559784, 0.6477272727272727, 0.6432018166335509, 0.6470090293453724, 0.642675698560542, 0.6381838691483361, 0.6674246731097214, 0.7023030992323003, 0.7181818181818181, 0.6137071651090342, 0.6086587436332768, 0.6397621070518267, 0.649023492782338, 0.6196943972835314, 0.652136994056043, 0.6028911564625851, 0.6306818181818182, 0.6071630005640158, 0.5890216154721274, 0.5851998865891692, 0.629156010230179, 0.6220028208744711, 0.65149359886202, 0.5691218130311615, 0.6615559341283361, 0.6313416009019166, 0.6384309266628766]]

Mean:  0.6490543543745968
Margin of error:  0.0235132661249559
Lower bound:  0.6255410882496409
Upper bound:  0.6725676204995527
