Activation function: sigmoid
****************** NN3-B-P ******************

[[1.0, 1.0, 1.0, 1.0, 1.0, 0.0, 1.0], [1.0, 1.0, 1.0, 1.0, 1.0, 0.0, 0.0], [1.0, 1.0, 1.0, 1.0, 1.0, 0.0, 0.0], [1.0, 1.0, 1.0, 1.0, 1.0, 0.0, 0.0], [1.0, 1.0, 1.0, 1.0, 1.0, 0.0, 0.0]]

****************** NN3-UB-P ******************

[[0.0, 1.0, 1.0, 1.0, 1.0, 1.0, 0.0], [0.0, 0.0, 0.0, 1.0, 1.0, 1.0, 0.0], [0.0, 0.0, 0.0, 0.0, 1.0, 0.0, 0.0], [0.0, 0.0, 0.0, 0.0, 1.0, 0.0, 0.0], [0.0, 0.0, 0.0, 1.0, 1.0, 1.0, 0.0]]

Activation function: identity
****************** NN3-B-P ******************

[[1.0, 0.0, 0.0, 1.0, 1.0, 0.0, 0.0], [1.0, 0.0, 0.0, 1.0, 1.0, 0.0, 0.0], [1.0, 0.0, 0.0, 1.0, 1.0, 0.0, 0.0], [1.0, 0.0, 0.0, 1.0, 1.0, 0.0, 0.0], [1.0, 0.0, 0.0, 1.0, 0.0, 0.0, 0.0]]

****************** NN3-UB-P ******************

[[1.0, 1.0, 1.0, 1.0, 1.0, 1.0, 1.0], [1.0, 1.0, 1.0, 1.0, 1.0, 1.0, 1.0], [1.0, 1.0, 1.0, 1.0, 1.0, 1.0, 1.0], [1.0, 1.0, 1.0, 1.0, 1.0, 1.0, 1.0], [1.0, 1.0, 1.0, 1.0, 1.0, 1.0, 1.0]]

